—- 001-

10110 0101001010 00110 0011 000111111011110 100010 1011 1000000,-
10, 00010 0000000001 0000110111 001110100; quando 000 0110100
occasione, che 00 00000 0000010 00001010 010000, 0000100101
000 10 00100 Fra Girolamo 0010111110 10 10111 10011101 000010,
10 101 0000 devici 1001 00 0000010 0110110110 011110001011100000-
001001000, 0110 000110 10100 11 110110110 10 1010110 010110 0000-
1010 0110 e G. 0., 0 101 0011001010 de' Santi, ohe 00001 fedeli.
Che 00 010000 venisse 010000101, 010 00001010 1011001οο 11
01000111000010001011(10110 00010110 111110 1111010010, 0 1100001-
010 00001010, 0110 0011 11010, iacendo 0111011010 0 001001001100,
001 0111110010 10110 00010000 11 001000 10 000 0100110 00010οὲ
01ος 1101, 001 000 11001010 10 0000 010 110110, 00001000010100 001-
10010, 0110 00 11 8000001010 000000 100010 0101110101 0000 11 011
0110 0000000110 1 suoi 11011010110001101111011, 01 00101110 100010
0010001010 0001 01110-000101010000111 00010 0 101100 ; 100 010-
come 100000 00101 10 00110010101000011100, 01 0000000011 11
0001010, 0001000 010 (1000101010100010010010101010, 0110 0001
0110110000000100 011 011101 1011000, 10010 100101 10110 110000
000111. 1100010 01001110000010010, 0110 01 01010010 originale
10110 1001010000 1018000001010,001 1110101001000, 0110 000010 ¹
egli 0001000 0 0001000101 10 101 00100, 001 1010 0000 11 000100-
0100 10010010, 10011 0100111100011 dei Pedii 0 dei [1011000110οε
101111, 1001011110 11101,011001101110010101 11 0110 000100001010111,
00000010 001100 00011010 011010 01 un 101 0101000 0011100 00010-
010. 110 101 00000010 e 111001000001οι 100111 ragione adunque
001011110 0010 11 provocare 118000001010 0 questa 110010 1000-

001100. 13011 000 1011 giudice 10110 cause 0100110 ; 11 0110 0010- <

010 11000001011010 0110 00000 1011111000. Giudioo 10110 veriti,
quoio 00001100 00000 0010, enon 0010011000 101 1011110, 0110 10
1001000010 000010, 0 0110 0010000010 un giudice 10100. Non 010-
1101 10110 00010000 11 00110003 100 01010110 0010000010 00010-
01000, 0110 10 00010000 000010, 111 01010110 01 grave, si 1010100-
00010, 0101011ῐο 00000 01000 provio 010010 motivo 10 00 Papa,
000 10000001101001011011 quel 1101010, che incute 0010010 una
010010100010000. Non 10100110, perche 11 1110010 010 11000010-
10001000 ¹) 3 01 100011 suo 100010 11 100110101 101000001οἰ0, 0

1) 11 sanioso 13010000 1001. 2. 000. 1110111010 0110 111101010, 0 10 00Ὶ

 

